83
0 52 73 88
0 94 247 123
0 249 171 281
0 286 86 320
0 507 164 541
0 693 209 723
1 7 753 34
1 130 76 166
1 172 118 203
1 211 30 242
1 583 244 613
2 364 263 393
2 400 211 430
2 437 103 470
2 547 207 579
2 660 167 685
3 324 185 356
3 621 326 653
5 768 138 798
6 733 73 761
7 474 421 500
33 207 142 243
78 49 209 81
82 728 372 757
86 132 358 159
90 286 287 317
129 438 276 465
135 170 399 203
145 763 338 795
146 211 385 239
173 657 340 689
181 507 307 539
185 245 307 279
190 320 370 353
212 693 327 722
214 48 653 83
214 545 471 574
221 399 430 427
250 583 416 612
252 90 558 117
283 436 798 462
295 359 797 391
311 243 632 276
312 283 507 317
328 507 797 535
331 622 452 652
342 763 602 794
344 658 472 687
345 696 575 725
370 130 509 160
374 322 541 356
383 729 493 757
392 209 479 238
404 169 527 200
422 585 590 617
434 394 585 430
440 467 699 501
464 622 541 654
475 541 613 577
482 659 702 688
494 205 612 236
496 731 800 757
518 123 714 160
532 281 799 316
541 166 654 201
550 621 800 651
574 319 679 355
594 586 800 611
597 694 800 723
605 766 799 795
618 394 799 427
627 207 727 238
633 87 797 117
635 542 799 573
636 243 709 276
657 45 798 80
678 169 798 202
683 319 799 354
704 465 798 501
706 657 799 688
713 244 799 276
722 124 798 161
733 206 799 238
