79
0 241 269 268
1 122 274 150
2 159 177 191
4 198 169 228
4 393 102 425
5 80 116 114
6 320 119 353
6 501 130 534
7 432 281 459
7 541 164 569
7 578 206 606
8 466 172 497
11 280 277 315
11 357 264 388
13 650 206 681
13 688 159 722
14 616 528 643
16 6 787 22
16 730 282 759
17 42 278 69
17 765 140 797
107 394 286 421
122 75 385 103
123 321 392 352
134 501 340 535
143 765 240 798
175 540 407 573
175 688 250 719
176 465 278 496
191 205 438 233
214 167 555 194
216 578 474 610
234 650 423 683
244 766 365 797
254 689 334 724
282 466 434 497
283 278 374 313
285 428 471 460
285 729 549 760
286 37 475 69
295 129 455 158
296 251 622 272
311 356 422 384
321 393 580 423
338 689 442 724
346 504 526 535
370 770 622 797
391 288 647 313
396 89 559 121
399 321 547 350
427 356 531 385
427 541 671 573
429 652 776 681
438 466 799 499
444 206 717 240
446 689 710 721
461 129 634 159
478 426 626 461
479 41 624 75
482 582 795 612
532 617 666 646
534 503 680 538
535 362 793 386
562 90 787 120
564 728 793 764
572 166 794 201
589 398 796 423
591 325 795 354
628 53 777 85
629 251 794 282
630 771 798 798
637 431 792 463
639 125 782 161
677 544 795 571
685 506 796 536
685 618 785 646
695 288 795 318
716 687 791 721
720 209 789 246
