83
0 88 252 118
0 206 38 240
0 285 94 316
0 319 192 353
0 398 219 428
0 435 109 466
0 582 249 612
1 4 750 28
1 128 87 160
1 245 179 278
2 50 81 83
2 167 125 198
3 544 215 577
5 507 168 540
7 359 269 389
8 617 329 653
11 656 174 684
11 730 82 757
12 692 214 722
12 768 145 798
14 472 422 499
42 203 146 237
85 44 214 78
89 728 377 757
91 128 365 156
99 281 292 313
134 434 281 464
141 165 403 198
152 763 341 793
153 206 386 234
180 657 342 688
185 505 312 534
190 243 309 273
197 318 374 351
219 693 330 720
220 43 652 75
221 542 474 572
225 396 432 426
254 580 421 611
257 84 560 113
288 434 798 458
298 355 799 389
315 281 508 314
317 239 632 272
330 503 797 535
334 620 457 651
345 695 576 724
346 762 602 790
347 657 476 686
373 125 511 157
377 319 541 351
387 728 494 756
395 204 481 235
406 164 529 195
425 585 592 615
436 392 586 426
443 464 700 497
465 622 543 653
479 540 616 576
483 658 702 688
497 200 612 234
499 730 798 758
518 120 710 155
534 278 798 311
544 161 656 196
551 621 798 650
573 316 679 350
594 693 799 720
596 584 800 611
607 766 797 796
619 392 798 422
626 201 727 232
634 80 798 115
634 542 800 574
636 239 710 273
656 40 799 74
676 164 799 197
683 315 799 348
703 464 800 498
706 656 798 686
714 241 798 274
720 120 799 155
733 205 799 235
