79
0 559 205 591
1 40 114 76
1 165 167 197
1 205 269 237
1 292 116 324
1 482 128 515
2 124 177 155
2 368 98 399
2 405 282 438
2 444 169 477
2 523 162 553
3 84 273 112
7 251 277 286
7 637 206 669
8 332 264 361
8 599 530 631
9 676 157 711
11 757 136 789
12 719 282 752
14 3 281 30
103 367 287 398
120 36 387 64
121 293 395 323
132 482 341 515
140 757 240 792
173 678 248 710
174 443 279 477
174 521 409 554
188 171 440 200
211 131 560 162
213 559 479 596
232 635 425 672
244 761 368 794
252 676 334 712
283 443 435 477
284 245 375 284
285 3 480 25
286 405 477 439
287 717 555 756
293 93 455 126
296 218 631 242
311 329 425 359
320 366 586 397
338 678 447 712
347 483 530 515
373 762 629 798
394 257 653 284
397 50 565 77
399 289 553 322
428 523 680 555
429 328 533 360
432 637 784 671
440 444 797 477
446 177 725 210
452 678 718 710
463 91 641 124
481 405 631 438
484 2 631 38
484 563 800 594
536 600 673 632
538 331 613 359
538 482 686 518
567 716 798 754
569 52 796 82
577 131 798 168
591 369 799 400
594 300 798 326
616 337 798 365
635 13 785 47
636 221 798 251
639 760 800 799
642 408 797 439
645 89 791 122
685 522 800 556
690 599 794 634
692 483 797 518
701 259 799 291
724 677 798 710
728 179 801 214
