82
0 788 1273 966 1730
1 759 1730 916 2232
2 757 2241 925 3918
3 745 3921 902 4557
4 925 1248 1121 2373
5 920 2387 1066 3566
6 907 3836 1071 4562
7 1100 1296 1261 1737
8 1073 1743 1254 2804
9 1086 2829 1245 3379
10 1059 3389 1236 4150
11 1066 4168 1227 4562
12 1255 1332 1411 1893
13 1252 1939 1416 2962
14 1243 2959 1402 3445
15 1234 3489 1398 3932
16 1250 4004 1402 4545
17 1420 1339 1571 1570
18 1405 1568 1557 1977
19 1405 1987 1573 2902
20 1409 2916 1548 3266
21 1400 3311 1554 3766
22 1400 3807 1548 4205
23 1407 4218 1555 4579
24 1579 1350 1734 2100
25 1564 2129 1709 2602
26 1555 2616 1698 3843
27 1552 3839 1702 4136
28 1552 4134 1707 4532
29 1723 1396 1880 1782
30 1718 1771 1870 2539
31 1709 2609 1868 3368
32 1696 3457 1854 4541
33 1863 1386 2037 2149
34 1864 2150 2014 2852
35 1864 2848 2012 3500
36 1859 3604 2011 4023
37 1857 4027 2007 4564
38 2021 1420 2186 2437
39 2002 2546 2163 4548
40 2174 1395 2334 2244
41 2164 2262 2330 3073
42 2161 3077 2311 3666
43 2159 3777 2305 4518
44 2329 1398 2479 1836
45 2332 1909 2471 2491
46 2307 2509 2452 4522
47 2454 1446 2617 3037
48 2446 3091 2593 4102
49 2448 4104 2604 4517
50 2615 1417 2772 2063
51 2613 2115 2754 2607
52 2596 2670 2759 4487
53 2770 1411 2917 2241
54 2752 2241 2900 3233
55 2754 3239 2926 3785
56 2759 3839 2907 4498
57 2917 1396 3067 2380
58 2904 2378 3059 3030
59 2907 3026 3080 3687
60 2902 3687 3067 4489
61 3057 1424 3217 2678
62 3067 2683 3209 3163
63 3074 3191 3224 3498
64 3068 3519 3220 4482
65 3217 1435 3361 2085
66 3211 2083 3363 2733
67 3213 2737 3372 3230
68 3220 3261 3370 4111
69 3220 4111 3359 4491
70 3363 1439 3511 2239
71 3361 2235 3496 2680
72 3357 2733 3517 3633
73 3361 3693 3491 4502
74 3511 1422 3652 1735
75 3500 1735 3646 2859
76 3507 2885 3633 3311
77 3504 3313 3663 4485
78 3663 1450 3809 1963
79 3650 1983 3785 2724
80 3630 2730 3774 3728
81 3641 3733 3809 4476
