65
0 207 1248 511 1836
1 232 1898 484 2891
2 216 2925 486 3725
3 239 3714 502 4305
4 250 4348 512 5212
5 500 1364 759 2420
6 489 2516 757 3221
7 504 3345 737 4239
8 512 4248 782 5229
9 764 1320 1012 1986
10 750 1989 993 2641
11 734 2795 986 3614
12 739 3620 1009 4225
13 770 4268 1034 5227
14 1014 1205 1279 1796
15 973 1837 1280 2836
16 989 2943 1250 4014
17 999 4050 1304 5182
18 1259 1304 1523 2198
19 1237 2521 1516 3448
20 1280 3418 1523 4255
21 1296 4336 1543 5250
22 1500 1295 1754 2143
23 1518 2157 1764 2989
24 1516 3136 1770 4155
25 1539 4155 1779 5207
26 1730 1248 1986 1843
27 1750 1852 1995 2445
28 1750 2629 1998 3652
29 1764 3645 2036 4421
30 1780 4470 2014 5245
31 1980 1234 2225 2268
32 2018 2295 2261 2855
33 1996 2880 2254 3573
34 2000 3623 2261 4418
35 2009 4418 2264 5237
36 2216 1236 2457 2073
37 2250 2243 2502 2827
38 2248 2834 2495 3387
39 2243 3430 2507 4366
40 2270 4387 2500 5271
41 2454 1279 2704 2221
42 2493 2282 2737 2987
43 2491 2993 2743 3464
44 2495 3532 2730 4227
45 2502 4282 2745 5254
46 2696 1266 2930 2225
47 2709 2227 2950 2946
48 2729 2968 2962 3621
49 2725 3623 2962 4207
50 2745 4459 2979 5212
51 2930 1237 3166 2059
52 2936 2123 3164 2827
53 2952 2823 3207 3475
54 2962 3470 3202 4246
55 2964 4246 3207 5075
56 3180 1255 3420 2075
57 3166 2148 3395 2686
58 3168 2691 3405 3207
59 3195 3257 3439 4284
60 3220 4393 3464 5191
61 3416 1418 3650 2430
62 3420 2536 3693 3354
63 3434 3407 3687 4321
64 3443 4337 3721 5032
