95
0 291 894 468 1572
1 286 1581 468 2331
2 282 2340 450 2994
3 277 2985 441 3454
4 255 3454 441 4085
5 250 4085 436 4758
6 441 844 645 1681
7 473 1704 636 2413
8 455 2508 645 3544
9 450 3554 609 4194
10 432 4213 595 4758
11 650 876 814 1317
12 650 1331 832 2013
13 627 2031 795 2985
14 618 2999 782 3881
15 605 3890 777 4749
16 823 885 1005 1713
17 805 1713 982 2667
18 786 2663 959 3708
19 773 3754 950 4394
20 764 4399 941 4772
21 1007 893 1184 1482
22 993 1493 1164 2173
23 973 2174 1158 2686
24 951 2684 1151 3468
25 942 3466 1116 4719
26 1164 906 1365 1877
27 1151 1874 1329 2504
28 1140 2495 1324 2968
29 1116 3021 1302 3932
30 1109 3935 1280 4712
31 1358 941 1531 1352
32 1331 1364 1518 2030
33 1324 2044 1496 2435
34 1302 2430 1495 3204
35 1285 3237 1464 3794
36 1280 3806 1449 4730
37 1515 934 1702 1601
38 1495 1597 1684 2248
39 1471 2281 1660 3066
40 1449 3064 1645 4003
41 1453 4061 1624 4721
42 1678 926 1875 1903
43 1649 1923 1853 2908
44 1629 2910 1811 3772
45 1620 3792 1793 4648
46 1851 1006 2045 1828
47 1836 1830 2016 2397
48 1813 2428 2000 3010
49 1798 3104 1978 3892
50 1782 3899 1953 4697
51 2205 963 2385 1475
52 2165 1517 2375 2483
53 2142 2479 2322 3266
54 2136 3304 2305 3843
55 2116 3883 2296 4661
56 2364 984 2562 1957
57 2325 2026 2529 2710
58 2304 2770 2485 3684
59 2278 3719 2471 4677
60 2535 997 2724 1957
61 2498 1957 2696 2723
62 2482 2744 2660 3152
63 2469 3204 2644 3988
64 2447 4035 2631 4668
65 2687 1015 2884 2374
66 2656 2368 2845 3030
67 2638 3023 2822 3684
68 2616 3706 2802 4634
69 2858 994 3053 1981
70 2829 2070 3024 2946
71 2795 2972 2996 3930
72 2775 3937 2964 4644
73 3038 997 3220 1699
74 3031 1728 3202 2121
75 3007 2123 3196 2815
76 2973 2837 3176 3595
77 2935 3688 3140 4646
78 3193 1026 3387 2286
79 3162 2303 3353 3183
80 3125 3181 3316 3921
81 3098 4010 3280 4654
82 3376 1054 3560 1859
83 3353 1855 3527 2452
84 3331 2450 3513 3094
85 3256 3088 3484 4670
86 3542 1015 3715 1826
87 3505 1877 3696 2723
88 3460 2783 3662 3683
89 3415 3728 3615 4659
90 3707 1008 3896 1901
91 3678 1963 3873 2606
92 3658 2599 3842 3224
93 3620 3230 3816 3795
94 3575 3794 3791 4601
