229
0 284 1137 453 1825
1 255 1820 388 2292
2 241 2292 353 2876
3 260 2875 353 3575
4 260 3576 386 4132
5 278 4139 387 4811
6 410 1135 548 1734
7 360 1820 501 2325
8 348 2318 458 2811
9 353 2821 460 3278
10 374 3294 479 3823
11 377 3859 493 4296
12 383 4299 498 4766
13 520 1206 640 1666
14 470 1691 620 2259
15 456 2254 570 2800
16 457 2800 571 3255
17 466 3255 579 3726
18 484 3723 592 4193
19 495 4192 608 4749
20 601 1239 741 1922
21 574 1969 699 2576
22 557 2570 677 3125
23 572 3136 688 3577
24 576 3579 702 4184
25 600 4196 702 4780
26 724 1266 836 1785
27 680 1778 815 2239
28 662 2234 780 2873
29 667 2871 800 3458
30 687 3473 805 4065
31 698 4066 798 4754
32 813 1227 938 1904
33 776 1899 908 2344
34 765 2346 871 2821
35 785 2823 893 3311
36 797 3313 903 3819
37 795 3819 909 4289
38 797 4289 903 4744
39 941 1134 1048 1619
40 885 1671 1029 2235
41 858 2230 978 2754
42 884 2764 984 3236
43 897 3233 994 3927
44 899 3932 1010 4655
45 1019 1163 1148 1859
46 987 1854 1113 2418
47 973 2442 1072 2989
48 987 2987 1092 3464
49 998 3464 1100 3961
50 1001 3968 1100 4663
51 1105 1139 1245 1957
52 1074 2049 1184 2655
53 1069 2662 1183 3127
54 1084 3129 1185 3596
55 1092 3628 1197 4189
56 1085 4189 1199 4666
57 1247 1152 1333 1542
58 1190 1548 1330 2232
59 1172 2236 1272 2856
60 1177 2872 1287 3471
61 1191 3471 1291 4152
62 1183 4148 1298 4694
63 1316 1234 1431 1836
64 1274 1839 1399 2290
65 1272 2309 1384 3223
66 1280 3219 1386 3702
67 1298 3702 1399 4201
68 1285 4199 1397 4698
69 1417 1172 1522 1641
70 1377 1690 1515 2280
71 1369 2284 1464 2780
72 1378 2843 1487 3444
73 1391 3447 1502 4062
74 1385 4151 1512 4721
75 1494 1168 1615 2062
76 1465 2063 1592 2549
77 1463 2546 1573 3030
78 1472 3040 1583 3582
79 1505 3587 1600 4194
80 1484 4194 1594 4708
81 1606 1263 1713 1671
82 1591 1671 1699 2147
83 1570 2142 1674 2644
84 1565 2685 1680 3316
85 1579 3350 1693 4108
86 1583 4122 1706 4719
87 1700 1191 1806 1680
88 1677 1718 1793 2186
89 1658 2200 1762 2691
90 1672 2693 1783 3300
91 1690 3300 1799 3849
92 1699 3884 1799 4299
93 1690 4305 1795 4699
94 1790 1185 1915 1856
95 1762 1861 1886 2268
96 1759 2263 1873 2904
97 1771 2927 1880 3408
98 1785 3414 1897 3907
99 1777 3918 1892 4634
100 1893 1230 2016 1721
101 1859 1744 1987 2222
102 1863 2278 1974 2740
103 1862 2741 1979 3252
104 1878 3262 1992 3750
105 1895 3750 1997 4222
106 1862 4257 1988 4744
107 1991 1209 2110 1808
108 1977 1812 2090 2396
109 1962 2427 2076 2901
110 1969 2908 2081 3389
111 1986 3405 2100 3808
112 1992 3806 2090 4276
113 1965 4277 2077 4666
114 2091 1251 2209 1721
115 2069 1728 2180 2113
116 2064 2108 2159 2616
117 2064 2630 2171 3047
118 2078 3050 2177 3523
119 2085 3523 2190 4180
120 2070 4237 2186 4723
121 2192 1185 2306 1677
122 2172 1696 2278 2162
123 2159 2161 2262 2668
124 2164 2708 2273 3189
125 2177 3230 2284 3769
126 2185 3766 2283 4180
127 2179 4234 2285 4743
128 2278 1248 2395 1744
129 2258 1789 2363 2543
130 2256 2541 2353 2950
131 2270 2951 2373 3423
132 2272 3455 2381 3825
133 2279 3827 2376 4219
134 2264 4233 2379 4750
135 2385 1184 2484 1654
136 2358 1677 2471 2156
137 2351 2209 2453 2623
138 2359 2646 2455 3114
139 2369 3143 2469 3636
140 2379 3637 2479 4232
141 2362 4237 2469 4765
142 2479 1239 2576 1643
143 2458 1642 2565 2132
144 2450 2133 2550 2771
145 2457 2783 2555 3257
146 2458 3256 2576 3812
147 2478 3859 2574 4279
148 2457 4279 2577 4749
149 2560 1213 2662 1798
150 2544 1800 2657 2277
151 2560 2276 2651 2896
152 2556 2980 2651 3466
153 2555 3514 2673 3999
154 2574 4007 2672 4402
155 2551 4399 2664 4816
156 2658 1243 2758 1707
157 2656 1704 2752 2202
158 2650 2235 2748 2571
159 2659 2578 2755 3058
160 2648 3056 2740 3561
161 2662 3565 2763 3969
162 2652 4122 2760 4808
163 2756 1213 2847 1844
164 2750 1869 2851 2519
165 2743 2565 2840 3293
166 2744 3351 2848 3826
167 2760 3852 2849 4299
168 2757 4305 2858 4800
169 2845 1233 2944 1762
170 2845 1762 2940 2404
171 2837 2415 2935 2927
172 2834 2935 2928 3536
173 2845 3563 2943 4121
174 2851 4240 2950 4791
175 2938 1199 3037 1982
176 2936 1979 3030 2494
177 2921 2515 3021 3262
178 2935 3256 3036 3751
179 2935 3751 3029 4248
180 2947 4325 3043 4807
181 3029 1176 3128 1663
182 3030 1683 3135 2222
183 3026 2226 3126 2625
184 3019 2637 3121 3322
185 3031 3340 3129 3805
186 3033 3861 3133 4390
187 3042 4397 3133 4794
188 3129 1232 3216 1829
189 3123 1872 3221 2337
190 3127 2340 3219 2718
191 3123 2732 3229 3222
192 3121 3222 3222 3691
193 3130 3709 3229 4093
194 3130 4113 3226 4789
195 3215 1249 3305 1833
196 3219 1848 3306 2715
197 3220 2734 3315 3334
198 3219 3335 3320 3821
199 3222 3841 3321 4240
200 3228 4240 3323 4459
201 3226 4461 3327 4758
202 3297 1187 3400 1643
203 3308 1670 3401 2190
204 3309 2193 3408 2844
205 3312 2934 3414 3548
206 3321 3563 3415 4106
207 3317 4107 3413 4782
208 3399 1208 3503 1936
209 3405 1940 3501 2679
210 3408 2712 3515 3223
211 3413 3236 3516 3777
212 3410 3780 3516 4299
213 3410 4304 3514 4776
214 3505 1309 3595 1665
215 3499 1670 3593 2082
216 3493 2083 3590 2485
217 3501 2551 3591 2973
218 3508 2980 3601 3469
219 3510 3476 3606 3963
220 3514 3962 3608 4339
221 3507 4341 3603 4779
222 3597 1292 3693 1889
223 3594 1892 3702 2358
224 3591 2390 3697 2762
225 3601 2764 3714 3227
226 3600 3226 3708 3758
227 3603 3765 3719 4183
228 3603 4185 3703 4794
