106
0 227 1326 409 2113
1 241 2126 414 2799
2 245 2790 409 3658
3 214 3654 395 4385
4 177 4381 377 5022
5 414 1299 582 1913
6 418 1913 573 2563
7 405 2581 582 3367
8 391 3363 577 4249
9 359 4244 564 5031
10 582 1308 755 2190
11 573 2190 745 3022
12 573 3026 741 3622
13 559 3635 732 4454
14 545 4458 727 5022
15 745 1322 923 2231
16 741 2285 905 2881
17 736 2876 914 3426
18 736 3426 900 4108
19 732 4144 895 5008
20 918 1317 1100 2026
21 905 2054 1082 2644
22 905 2685 1082 3317
23 895 3322 1077 4254
24 891 4249 1077 5017
25 1073 1331 1255 2163
26 1073 2217 1245 3013
27 1068 3031 1241 4054
28 1077 4063 1227 5022
29 1241 1317 1409 1890
30 1245 1917 1405 2581
31 1236 2622 1409 3535
32 1236 3535 1391 4108
33 1241 4099 1400 5031
34 1400 1344 1577 2858
35 1395 2876 1577 3576
36 1386 3576 1568 4267
37 1400 4276 1577 5026
38 1559 1363 1723 2117
39 1555 2190 1723 3135
40 1564 3154 1732 3822
41 1564 3835 1736 4472
42 1577 4472 1741 5026
43 1723 1372 1864 1904
44 1732 1922 1895 2604
45 1727 2658 1895 3567
46 1736 3563 1909 4322
47 1741 4349 1909 5026
48 1873 1372 2045 2331
49 1891 2376 2055 2958
50 1895 2972 2059 3785
51 1895 3794 2064 4340
52 1895 4335 2073 5022
53 2041 1363 2214 2140
54 2050 2135 2232 3104
55 2068 3113 2232 4044
56 2059 4040 2250 5031
57 2205 1376 2377 2176
58 2209 2190 2386 2935
59 2223 2940 2391 3685
60 2236 3694 2405 4367
61 2236 4376 2418 5026
62 2377 1381 2541 2081
63 2377 2094 2564 2854
64 2391 2867 2555 3958
65 2391 3999 2582 5026
66 2523 1372 2691 1990
67 2532 1990 2705 2685
68 2545 2717 2727 3322
69 2555 3354 2727 4226
70 2568 4249 2741 5013
71 2700 1381 2868 2135
72 2705 2140 2868 2726
73 2723 2758 2891 3522
74 2718 3558 2882 4158
75 2732 4181 2909 5013
76 2859 1385 3023 1913
77 2868 1908 3027 2594
78 2882 2626 3050 3231
79 2882 3231 3059 3913
80 2882 3908 3064 4458
81 2900 4467 3077 5013
82 3018 1372 3195 2249
83 3032 2258 3218 3326
84 3055 3372 3218 4285
85 3068 4313 3255 5004
86 3191 1363 3359 1944
87 3195 1944 3368 2654
88 3205 2649 3373 3244
89 3223 3267 3377 4031
90 3218 4031 3400 5013
91 3359 1372 3509 2181
92 3359 2208 3527 3067
93 3368 3076 3555 3767
94 3391 3799 3559 4458
95 3382 4454 3568 5008
96 3509 1381 3673 2085
97 3514 2076 3677 2872
98 3532 2885 3709 3617
99 3555 3631 3709 4308
100 3545 4308 3732 5004
101 3655 1381 3845 2308
102 3677 2313 3873 2885
103 3714 2885 3891 3463
104 3709 3467 3891 4104
105 3705 4094 3895 4990
