94
0 220 956 402 1525
1 226 1529 404 1997
2 211 2019 402 2947
3 213 2945 422 3677
4 246 3677 472 4351
5 291 4349 498 4675
6 396 940 572 2136
7 400 2142 576 2649
8 402 2662 591 3323
9 409 3323 674 4686
10 570 938 772 2440
11 591 2432 770 3175
12 585 3175 787 3588
13 604 3590 822 4066
14 633 4060 846 4671
15 774 953 970 1699
16 767 1701 952 2612
17 759 2603 943 3221
18 763 3242 991 4140
19 809 4142 1013 4666
20 961 984 1148 1447
21 950 1438 1130 2156
22 933 2177 1126 3282
23 943 3336 1159 4114
24 978 4112 1189 4649
25 1126 984 1326 2047
26 1124 2079 1309 2690
27 1109 2786 1309 3660
28 1130 3682 1361 4679
29 1302 947 1511 1958
30 1278 2082 1485 2886
31 1278 2942 1461 3495
32 1304 3503 1522 4666
33 1491 949 1672 1849
34 1448 1866 1665 2784
35 1454 2795 1661 3621
36 1472 3623 1683 4651
37 1654 975 1841 2177
38 1626 2284 1820 3184
39 1637 3336 1824 3853
40 1659 3914 1870 4619
41 1830 995 2022 1823
42 1817 1823 2002 2292
43 1813 2366 1985 3103
44 1798 3140 1989 3873
45 1826 3871 2035 4634
46 1987 1016 2200 2336
47 1983 2386 2167 3497
48 1989 3545 2213 4629
49 2178 1023 2383 2099
50 2170 2160 2350 2775
51 2165 2988 2352 3971
52 2180 3979 2383 4621
53 2352 995 2537 1988
54 2333 2019 2530 2836
55 2326 2925 2504 3421
56 2337 3464 2546 4601
57 2526 1008 2730 1736
58 2509 1756 2689 2588
59 2504 2592 2691 3295
60 2507 3356 2702 3977
61 2546 3979 2728 4619
62 2689 1042 2887 2199
63 2687 2227 2874 2623
64 2687 2695 2870 3360
65 2687 3377 2861 3882
66 2704 3873 2889 4601
67 2852 1051 3067 2197
68 2865 2240 3037 3192
69 2867 3197 3033 3988
70 2878 4029 3041 4638
71 3050 1016 3235 1771
72 3037 1825 3220 2808
73 3037 2995 3215 3849
74 3039 3895 3222 4647
75 3213 990 3400 1903
76 3217 1949 3387 2684
77 3215 2686 3389 3084
78 3204 3103 3383 3832
79 3204 3901 3383 4645
80 3370 1021 3552 1934
81 3372 2012 3550 2971
82 3376 3069 3554 3638
83 3376 3638 3561 4625
84 3541 1034 3739 1527
85 3539 1582 3720 2477
86 3543 2475 3713 2995
87 3541 3038 3717 4240
88 3550 4242 3707 4610
89 3720 1008 3891 1534
90 3707 1527 3889 2112
91 3707 2108 3878 2942
92 3709 2940 3876 3527
93 3707 3523 3874 4553
