49
0 710 338 1017 1658
1 730 1671 1017 2891
2 750 2898 1037 4198
3 783 4184 1050 5464
4 963 324 1270 1971
5 1010 1984 1257 3498
6 1023 3498 1290 4878
7 1037 4884 1270 5458
8 1230 338 1510 2011
9 1263 2031 1497 2604
10 1263 2611 1530 4264
11 1277 4311 1530 5484
12 1477 338 1750 1811
13 1497 1824 1763 2704
14 1523 2718 1777 3918
15 1530 3918 1770 5451
16 1743 378 2003 1484
17 1750 1491 1997 2118
18 1757 2184 2010 3251
19 1770 3324 2017 4424
20 1783 4431 2050 5491
21 1983 324 2243 1718
22 1990 1758 2223 3278
23 2010 3298 2250 4031
24 2017 4031 2270 5471
25 2230 311 2503 1584
26 2237 1638 2477 2198
27 2243 2231 2490 3431
28 2257 3518 2510 4578
29 2257 4578 2517 5451
30 2490 344 2724 1984
31 2483 2078 2723 2631
32 2497 2711 2703 3764
33 2483 3858 2723 4611
34 2483 4611 2763 5431
35 2723 351 2977 1151
36 2717 1144 2977 2138
37 2710 2171 2983 2724
38 2723 2731 2963 4044
39 2717 4084 3010 5411
40 2990 324 3243 1078
41 2990 1071 3210 2051
42 2957 2064 3210 3258
43 2970 3264 3230 4304
44 2983 4291 3230 5344
45 3237 351 3483 811
46 3217 831 3470 2104
47 3197 2091 3463 3571
48 3217 3578 3457 5338
