77
0 357 1011 557 1684
1 357 1684 543 2451
2 330 2464 537 3264
3 323 3284 523 4071
4 270 4071 470 4864
5 503 971 737 1678
6 517 1678 697 2404
7 517 2411 703 3244
8 503 3244 657 4071
9 463 4104 643 4958
10 663 904 890 1611
11 690 1598 877 3218
12 657 3251 870 4984
13 830 871 1083 2231
14 850 2264 1017 3071
15 817 3304 1023 4964
16 1010 838 1290 1558
17 1057 1551 1250 2298
18 1030 2284 1237 3051
19 1003 3144 1237 3944
20 1023 4118 1223 5038
21 1183 791 1443 1518
22 1217 1564 1437 3051
23 1223 3418 1450 5098
24 1343 744 1663 1504
25 1430 1484 1630 2251
26 1410 2391 1630 3238
27 1403 3238 1623 4071
28 1410 4131 1663 4998
29 1623 704 1857 1438
30 1623 1491 1830 2278
31 1617 2398 1843 3251
32 1623 3298 1810 4124
33 1630 4318 1850 5051
34 1850 711 2023 1404
35 1817 1431 2017 2171
36 1817 2418 2030 3271
37 1823 3331 2050 4164
38 1843 4264 2070 5151
39 2030 704 2223 1471
40 2023 1678 2243 2444
41 2003 2571 2257 4198
42 2043 4298 2303 5184
43 2230 671 2430 1398
44 2203 1604 2437 3158
45 2230 3444 2517 5138
46 2423 651 2637 2078
47 2430 2264 2650 3104
48 2423 3324 2670 4211
49 2463 4238 2723 5144
50 2617 671 2803 1384
51 2610 1431 2870 2218
52 2617 2264 2857 3064
53 2643 3344 2937 5118
54 2797 678 3030 1391
55 2817 1391 3037 2158
56 2843 2244 3043 3058
57 2823 3271 3077 4098
58 2877 4218 3143 5144
59 3003 651 3217 1358
60 3023 1404 3237 2238
61 3043 2351 3237 3224
62 3050 3391 3310 4264
63 3097 4271 3370 5111
64 3183 651 3417 2138
65 3223 2224 3457 3044
66 3257 3424 3497 4258
67 3303 4251 3557 5164
68 3403 671 3610 1398
69 3423 1491 3650 2244
70 3437 2391 3677 3211
71 3444 3358 3784 5118
72 3590 691 3830 1424
73 3617 1438 3837 2224
74 3623 2318 3903 3198
75 3690 3331 3930 4231
76 3743 4251 4020 5126
