127
0 93 1292 298 1888
1 83 1888 285 2445
2 76 2436 265 2919
3 78 3960 291 4540
4 78 4536 287 5040
5 276 1306 502 2108
6 263 2112 470 2569
7 265 2566 467 3034
8 267 3038 467 3975
9 278 4032 470 4601
10 287 4636 474 5071
11 485 1295 683 1938
12 470 1936 663 2475
13 457 2469 648 2908
14 472 2916 659 3695
15 463 3699 657 4675
16 472 4677 667 5066
17 667 1310 872 2099
18 657 2095 846 2571
19 652 2582 846 3271
20 654 3266 846 3706
21 657 3699 852 4264
22 667 4292 857 5058
23 861 1290 1054 1842
24 846 1829 1043 2438
25 843 2436 1037 3121
26 843 3123 1033 3792
27 850 3790 1037 4442
28 857 4462 1048 5051
29 1048 1314 1237 1960
30 1037 1964 1224 2414
31 1033 2416 1215 2936
32 1035 2947 1222 3601
33 1033 3640 1226 4688
34 1041 4692 1226 5034
35 1230 1323 1435 1906
36 1220 1903 1404 2423
37 1215 2421 1400 2969
38 1220 2966 1411 3601
39 1224 3603 1417 4095
40 1222 4129 1411 4603
41 1224 4608 1411 5025
42 1415 1319 1609 1832
43 1404 1845 1598 2408
44 1404 2403 1591 2847
45 1396 2842 1591 3577
46 1415 3599 1600 3973
47 1415 3977 1596 4469
48 1409 4536 1602 5027
49 1600 1306 1785 1984
50 1593 1979 1780 2506
51 1589 2499 1780 3092
52 1589 3086 1787 3632
53 1589 3629 1783 4201
54 1600 4206 1793 4562
55 1598 4612 1780 5006
56 1783 1334 1963 2247
57 1780 2249 1959 2875
58 1767 2879 1961 3399
59 1772 3414 1963 4121
60 1793 4121 1991 4558
61 1772 4556 1980 4997
62 1963 1306 2157 2049
63 1963 2053 2148 2679
64 1963 2673 2146 3064
65 2024 3062 2148 3240
66 2048 3242 2148 3382
67 1967 3386 2157 3834
68 1978 3834 2161 4440
69 1989 4447 2183 5034
70 2159 1369 2339 1938
71 2148 1938 2335 2345
72 2146 2349 2341 3003
73 2141 3077 2341 3847
74 2152 3879 2346 4266
75 2172 4266 2383 5021
76 2341 1364 2530 1884
77 2333 1890 2526 2340
78 2324 2338 2522 2914
79 2335 2916 2530 3606
80 2339 3616 2530 4129
81 2348 4132 2548 4564
82 2367 4564 2557 5021
83 2530 1351 2717 1766
84 2524 1797 2709 2629
85 2528 2682 2722 3245
86 2524 3249 2717 3773
87 2528 3782 2730 4573
88 2541 4601 2730 5029
89 2713 1353 2883 2145
90 2707 2138 2887 2584
91 2713 2666 2896 3406
92 2709 3453 2909 4379
93 2726 4395 2909 5042
94 2885 1316 3072 1884
95 2885 1921 3065 2642
96 2880 2647 3067 3245
97 2893 3353 3078 3886
98 2900 3890 3089 5045
99 3054 1321 3246 1940
100 3057 1938 3243 2375
101 3059 2475 3250 3238
102 3074 3338 3252 3858
103 3072 3853 3259 4386
104 3089 4412 3257 5038
105 3243 1312 3439 1762
106 3243 1751 3424 2175
107 3235 2227 3409 2601
108 3239 2634 3420 3125
109 3252 3129 3433 3606
110 3254 3627 3439 4082
111 3261 4079 3443 4542
112 3259 4545 3450 5036
113 3437 1316 3615 1823
114 3417 1827 3600 2275
115 3413 2282 3600 2716
116 3417 2721 3602 3077
117 3433 3079 3609 3456
118 3433 3462 3602 3916
119 3433 3912 3611 4521
120 3443 4523 3630 5034
121 3604 1336 3780 2066
122 3596 2066 3776 2549
123 3600 2551 3778 3047
124 3607 3042 3785 3538
125 3611 3538 3796 4219
126 3611 4221 3817 5001
